Experiment 1:
--------------------QuadProbeHashTable add() with a bad hashfunctor--------------------
N	T(N)	|	T(N)/1		T(N)/logN		T(N)/N		T(N)/NlogN		T(N)/N^2
10000	1735E1	|	1305E0		1734E-3		1305E-4		1734E-7		-2385E-8
20000	1146E1	|	8020E-1		5729E-4		4010E-5		2865E-8		-7519E-9
30000	2068E1	|	1391E0		6894E-4		4635E-5		2298E-8		1127E-8
40000	3364E1	|	2200E0		8409E-4		5501E-5		2102E-8		4859E-8
50000	2362E1	|	1513E0		4724E-4		3027E-5		-1316E-8		-3244E-8
60000	3543E1	|	2232E0		5905E-4		3720E-5		-5098E-8		1969E-8
70000	5244E1	|	3258E0		7492E-4		4655E-5		8668E-8		-1368E-7
80000	6461E1	|	3967E0		8077E-4		4959E-5		3069E-8		5196E-8
90000	4341E1	|	2638E0		4823E-4		2931E-5		-8861E-8		-2194E-8
100000	9072E1	|	5462E0		9072E-4		5462E-5		6433E-8		-5927E-8
110000	9579E1	|	5720E0		8708E-4		5200E-5		-1220E-7		-5396E-8
120000	8504E1	|	5040E0		7087E-4		4200E-5		5613E-8		5621E-8
130000	9798E1	|	5768E0		7537E-4		4437E-5		-3501E-7		-3006E-7
140000	8030E1	|	4697E0		5736E-4		3355E-5		-4283E-8		6533E-8
150000	9476E1	|	5511E0		6317E-4		3674E-5		9243E-8		5224E-8
160000	1534E2	|	8874E0		9588E-4		5546E-5		-9034E-7		1129E-7
170000	1230E2	|	7077E0		7233E-4		4163E-5		-1056E-7		-5998E-7
180000	1433E2	|	8211E0		7963E-4		4561E-5		-7314E-8		1064E-7
190000	1414E2	|	8062E0		7441E-4		4243E-5		8124E-8		8554E-8
200000	1786E2	|	1014E1		8930E-4		5071E-5		1328E-7		2787E-7
Insertions: 3150097
Collisions: 8330086875
--------------------QuadProbeHashTable add() with a mediocre hashfunctor--------------------
N	T(N)	|	T(N)/1		T(N)/logN		T(N)/N		T(N)/NlogN		T(N)/N^2
10000	2388E0	|	1797E-1		2388E-4		1797E-5		2388E-8		-3283E-9
20000	3544E0	|	2480E-1		1772E-4		1240E-5		8860E-9		-2325E-9
30000	6987E0	|	4698E-1		2329E-4		1566E-5		7763E-9		3806E-9
40000	1023E1	|	6693E-1		2558E-4		1673E-5		6395E-9		1478E-8
50000	1554E1	|	9953E-1		3107E-4		1991E-5		-8656E-9		-2134E-8
60000	1848E1	|	1164E0		3080E-4		1940E-5		-2659E-8		1027E-8
70000	1547E1	|	9609E-1		2209E-4		1373E-5		2556E-8		-4036E-8
80000	2237E1	|	1374E0		2797E-4		1717E-5		1063E-8		1799E-8
90000	2259E1	|	1372E0		2510E-4		1525E-5		-4610E-8		-1141E-8
100000	2057E1	|	1238E0		2057E-4		1238E-5		1459E-8		-1344E-8
110000	3827E1	|	2285E0		3479E-4		2077E-5		-4876E-8		-2156E-8
120000	3708E1	|	2198E0		3090E-4		1831E-5		2447E-8		2451E-8
130000	3561E1	|	2096E0		2740E-4		1613E-5		-1273E-7		-1093E-7
140000	3585E1	|	2097E0		2560E-4		1498E-5		-1912E-8		2916E-8
150000	7710E1	|	4484E0		5140E-4		2989E-5		7521E-8		4251E-8
160000	4830E1	|	2794E0		3019E-4		1746E-5		-2845E-7		3554E-8
170000	4195E1	|	2415E0		2468E-4		1420E-5		-3602E-8		-2047E-7
180000	6478E1	|	3710E0		3599E-4		2061E-5		-3305E-8		4806E-8
190000	6442E1	|	3674E0		3391E-4		1934E-5		3702E-8		3898E-8
200000	6479E1	|	3679E0		3239E-4		1840E-5		4816E-8		1011E-7
Insertions: 3150097
Collisions: 2580429726
--------------------QuadProbeHashTable add() with a good hashfunctor--------------------
N	T(N)	|	T(N)/1		T(N)/logN		T(N)/N		T(N)/NlogN		T(N)/N^2
10000	3000E-1	|	2258E-2		3000E-5		2258E-6		3000E-9		-4124E-10
20000	4220E-1	|	2954E-2		2110E-5		1477E-6		1055E-9		-2769E-10
30000	2250E-1	|	1513E-2		7500E-6		5043E-7		2500E-10		1226E-10
40000	1850E-1	|	1210E-2		4625E-6		3025E-7		1156E-10		2672E-10
50000	2130E-1	|	1365E-2		4260E-6		2729E-7		-1187E-10		-2925E-10
60000	2090E-1	|	1317E-2		3483E-6		2195E-7		-3007E-10		1161E-10
70000	2720E-1	|	1690E-2		3886E-6		2414E-7		4496E-10		-7098E-10
80000	2280E-1	|	1400E-2		2850E-6		1750E-7		1083E-10		1833E-10
90000	3150E-1	|	1914E-2		3500E-6		2127E-7		-6429E-10		-1592E-10
100000	2130E-1	|	1282E-2		2130E-6		1282E-7		1511E-10		-1392E-10
110000	2920E-1	|	1744E-2		2655E-6		1585E-7		-3720E-10		-1645E-10
120000	2560E-1	|	1517E-2		2133E-6		1264E-7		1690E-10		1692E-10
130000	2210E-1	|	1301E-2		1700E-6		1001E-7		-7897E-10		-6780E-10
140000	2320E-1	|	1357E-2		1657E-6		9694E-8		-1237E-10		1887E-10
150000	2250E-1	|	1309E-2		1500E-6		8724E-8		2195E-10		1240E-10
160000	2250E-1	|	1302E-2		1406E-6		8134E-8		-1325E-9		1656E-10
170000	2210E-1	|	1272E-2		1300E-6		7482E-8		-1897E-10		-1078E-9
180000	5320E-1	|	3047E-2		2956E-6		1693E-7		-2715E-10		3947E-10
190000	2400E-1	|	1369E-2		1263E-6		7203E-8		1379E-10		1452E-10
200000	2560E-1	|	1454E-2		1280E-6		7269E-8		1903E-10		3994E-10
Insertions: 3150097
Collisions: 1353249

Experiment 2:
--------------------QuadProbeHashTable add() with Java's hashfunctor--------------------
N	T(N)	|	T(N)/1		T(N)/logN		T(N)/N		T(N)/NlogN		T(N)/N^2
10000	2440E-1	|	1836E-2		2440E-5		1836E-6		2440E-9		-3355E-10
20000	3780E-1	|	2646E-2		1890E-5		1323E-6		9450E-10		-2480E-10
30000	1850E-1	|	1244E-2		6167E-6		4146E-7		2056E-10		1008E-10
40000	2090E-1	|	1367E-2		5225E-6		3418E-7		1306E-10		3019E-10
50000	2210E-1	|	1416E-2		4420E-6		2832E-7		-1231E-10		-3035E-10
60000	1930E-1	|	1216E-2		3217E-6		2027E-7		-2777E-10		1072E-10
70000	2280E-1	|	1417E-2		3257E-6		2024E-7		3768E-10		-5949E-10
80000	2210E-1	|	1357E-2		2763E-6		1696E-7		1050E-10		1777E-10
90000	2480E-1	|	1507E-2		2756E-6		1674E-7		-5062E-10		-1253E-10
100000	2600E-1	|	1565E-2		2600E-6		1565E-7		1844E-10		-1699E-10
110000	2250E-1	|	1344E-2		2045E-6		1221E-7		-2867E-10		-1268E-10
120000	2720E-1	|	1612E-2		2267E-6		1343E-7		1795E-10		1798E-10
130000	2760E-1	|	1625E-2		2123E-6		1250E-7		-9862E-10		-8467E-10
140000	2920E-1	|	1708E-2		2086E-6		1220E-7		-1557E-10		2376E-10
150000	2010E-1	|	1169E-2		1340E-6		7793E-8		1961E-10		1108E-10
160000	2760E-1	|	1597E-2		1725E-6		9978E-8		-1625E-9		2031E-10
170000	2480E-1	|	1427E-2		1459E-6		8396E-8		-2129E-10		-1210E-9
180000	2920E-1	|	1673E-2		1622E-6		9292E-8		-1490E-10		2167E-10
190000	3390E-1	|	1933E-2		1784E-6		1017E-7		1948E-10		2051E-10
200000	2760E-1	|	1567E-2		1380E-6		7837E-8		2052E-10		4306E-10
--------------------QuadProbeHashTable contains() with Java's hashfunctor--------------------
N	T(N)	|	T(N)/1		T(N)/logN		T(N)/N		T(N)/NlogN		T(N)/N^2
10000	5130E-1	|	3861E-2		5130E-5		3861E-6		5130E-9		-7053E-10
20000	6070E-1	|	4248E-2		3035E-5		2124E-6		1518E-9		-3983E-10
30000	6820E-1	|	4586E-2		2273E-5		1529E-6		7578E-10		3715E-10
40000	6070E-1	|	3971E-2		1517E-5		9926E-7		3794E-10		8768E-10
50000	2400E-1	|	1538E-2		4800E-6		3075E-7		-1337E-10		-3296E-10
60000	2720E-1	|	1714E-2		4533E-6		2856E-7		-3914E-10		1511E-10
70000	3000E-1	|	1864E-2		4286E-6		2663E-7		4958E-10		-7828E-10
80000	2760E-1	|	1695E-2		3450E-6		2118E-7		1311E-10		2219E-10
90000	2760E-1	|	1677E-2		3067E-6		1863E-7		-5633E-10		-1395E-10
100000	3030E-1	|	1824E-2		3030E-6		1824E-7		2149E-10		-1980E-10
110000	3350E-1	|	2000E-2		3045E-6		1818E-7		-4268E-10		-1887E-10
120000	3150E-1	|	1867E-2		2625E-6		1556E-7		2079E-10		2082E-10
130000	3000E-1	|	1766E-2		2308E-6		1358E-7		-1072E-9		-9204E-10
140000	3510E-1	|	2053E-2		2507E-6		1467E-7		-1872E-10		2856E-10
150000	3070E-1	|	1785E-2		2047E-6		1190E-7		2995E-10		1692E-10
160000	2920E-1	|	1689E-2		1825E-6		1056E-7		-1720E-9		2149E-10
170000	3350E-1	|	1928E-2		1971E-6		1134E-7		-2876E-10		-1634E-9
180000	2960E-1	|	1696E-2		1644E-6		9420E-8		-1510E-10		2196E-10
190000	3430E-1	|	1956E-2		1805E-6		1029E-7		1971E-10		2075E-10
200000	3150E-1	|	1789E-2		1575E-6		8944E-8		2341E-10		4915E-10
--------------------ChainingHashTable add() with Java's hashfunctor--------------------
N	T(N)	|	T(N)/1		T(N)/logN		T(N)/N		T(N)/NlogN		T(N)/N^2
10000	1148E0	|	8640E-2		1148E-4		8640E-6		1148E-8		-1578E-9
20000	3390E-1	|	2373E-2		1695E-5		1186E-6		8475E-10		-2224E-10
30000	3670E-1	|	2468E-2		1223E-5		8225E-7		4078E-10		1999E-10
40000	3470E-1	|	2270E-2		8675E-6		5674E-7		2169E-10		5012E-10
50000	3980E-1	|	2550E-2		7960E-6		5099E-7		-2217E-10		-5466E-10
60000	4380E-1	|	2759E-2		7300E-6		4599E-7		-6302E-10		2434E-10
70000	3350E-1	|	2081E-2		4786E-6		2973E-7		5537E-10		-8742E-10
80000	3710E-1	|	2278E-2		4638E-6		2847E-7		1762E-10		2983E-10
90000	3510E-1	|	2133E-2		3900E-6		2370E-7		-7164E-10		-1774E-10
100000	3630E-1	|	2185E-2		3630E-6		2185E-7		2574E-10		-2372E-10
110000	6310E-1	|	3768E-2		5736E-6		3425E-7		-8039E-10		-3555E-10
120000	3980E-1	|	2359E-2		3317E-6		1966E-7		2627E-10		2631E-10
130000	3750E-1	|	2207E-2		2885E-6		1698E-7		-1340E-9		-1150E-9
140000	4300E-1	|	2515E-2		3071E-6		1797E-7		-2294E-10		3498E-10
150000	4100E-1	|	2384E-2		2733E-6		1590E-7		3999E-10		2260E-10
160000	3670E-1	|	2123E-2		2294E-6		1327E-7		-2161E-9		2701E-10
170000	3900E-1	|	2245E-2		2294E-6		1320E-7		-3348E-10		-1903E-9
180000	5880E-1	|	3368E-2		3267E-6		1871E-7		-3000E-10		4363E-10
190000	5640E-1	|	3216E-2		2968E-6		1693E-7		3241E-10		3412E-10
200000	3980E-1	|	2260E-2		1990E-6		1130E-7		2958E-10		6210E-10
--------------------ChainingHashTable contains() with Java's hashfunctor--------------------
N	T(N)	|	T(N)/1		T(N)/logN		T(N)/N		T(N)/NlogN		T(N)/N^2
10000	6270E-1	|	4719E-2		6270E-5		4719E-6		6270E-9		-8620E-10
20000	8400E-1	|	5879E-2		4200E-5		2940E-6		2100E-9		-5512E-10
30000	9110E-1	|	6125E-2		3037E-5		2042E-6		1012E-9		4963E-10
40000	5960E-1	|	3899E-2		1490E-5		9746E-7		3725E-10		8609E-10
50000	3710E-1	|	2377E-2		7420E-6		4753E-7		-2067E-10		-5095E-10
60000	4730E-1	|	2980E-2		7883E-6		4967E-7		-6806E-10		2628E-10
70000	3230E-1	|	2007E-2		4614E-6		2867E-7		5339E-10		-8428E-10
80000	2560E-1	|	1572E-2		3200E-6		1965E-7		1216E-10		2059E-10
90000	3820E-1	|	2321E-2		4244E-6		2579E-7		-7797E-10		-1930E-10
100000	3110E-1	|	1872E-2		3110E-6		1872E-7		2206E-10		-2032E-10
110000	5090E-1	|	3039E-2		4627E-6		2763E-7		-6485E-10		-2867E-10
120000	3590E-1	|	2128E-2		2992E-6		1773E-7		2369E-10		2373E-10
130000	4300E-1	|	2531E-2		3308E-6		1947E-7		-1536E-9		-1319E-9
140000	4770E-1	|	2790E-2		3407E-6		1993E-7		-2544E-10		3881E-10
150000	4460E-1	|	2594E-2		2973E-6		1729E-7		4351E-10		2459E-10
160000	4770E-1	|	2759E-2		2981E-6		1724E-7		-2809E-9		3510E-10
170000	3070E-1	|	1767E-2		1806E-6		1039E-7		-2636E-10		-1498E-9
180000	4180E-1	|	2394E-2		2322E-6		1330E-7		-2133E-10		3102E-10
190000	4460E-1	|	2543E-2		2347E-6		1339E-7		2563E-10		2698E-10
200000	4300E-1	|	2442E-2		2150E-6		1221E-7		3196E-10		6709E-10

Experiment 3:
--------------------BadHashFunctor--------------------
N	T(N)	|	T(N)/1		T(N)/logN		T(N)/N		T(N)/NlogN		T(N)/N^2
10000	4060E-1	|	3055E-2		4060E-5		3055E-6		4060E-9		-5582E-10
20000	6700E-2	|	4689E-3		3350E-6		2345E-7		1675E-10		-4396E-11
30000	5500E-2	|	3698E-3		1833E-6		1233E-7		6111E-11		2996E-11
40000	3900E-2	|	2551E-3		9750E-7		6378E-8		2438E-11		5633E-11
50000	8600E-2	|	5509E-3		1720E-6		1102E-7		-4791E-11		-1181E-10
60000	8200E-2	|	5166E-3		1367E-6		8610E-8		-1180E-10		4556E-11
70000	3900E-2	|	2423E-3		5571E-7		3462E-8		6446E-11		-1018E-10
80000	7400E-2	|	4543E-3		9250E-7		5679E-8		3515E-11		5950E-11
90000	4700E-2	|	2856E-3		5222E-7		3173E-8		-9593E-11		-2375E-11
100000	5100E-2	|	3071E-3		5100E-7		3071E-8		3617E-11		-3332E-11
110000	8200E-2	|	4896E-3		7455E-7		4451E-8		-1045E-10		-4619E-11
120000	5900E-2	|	3497E-3		4917E-7		2914E-8		3894E-11		3900E-11
130000	8600E-2	|	5062E-3		6615E-7		3894E-8		-3073E-10		-2638E-10
140000	5500E-2	|	3217E-3		3929E-7		2298E-8		-2934E-11		4475E-11
150000	4300E-2	|	2501E-3		2867E-7		1667E-8		4194E-11		2371E-11
160000	9000E-2	|	5206E-3		5625E-7		3254E-8		-5300E-10		6623E-11
170000	3100E-2	|	1784E-3		1824E-7		1050E-8		-2661E-11		-1512E-10
180000	7500E-2	|	4296E-3		4167E-7		2387E-8		-3827E-11		5565E-11
190000	9800E-2	|	5589E-3		5158E-7		2941E-8		5631E-11		5929E-11
200000	7100E-2	|	4032E-3		3550E-7		2016E-8		5278E-11		1108E-10
--------------------MediocreHashFunctor--------------------
N	T(N)	|	T(N)/1		T(N)/logN		T(N)/N		T(N)/NlogN		T(N)/N^2
10000	3094E0	|	2328E-1		3094E-4		2328E-5		3094E-8		-4254E-9
20000	5668E0	|	3967E-1		2834E-4		1984E-5		1417E-8		-3719E-9
30000	9004E0	|	6054E-1		3001E-4		2018E-5		1000E-8		4905E-9
40000	1162E1	|	7599E-1		2904E-4		1900E-5		7261E-9		1678E-8
50000	1464E1	|	9377E-1		2927E-4		1875E-5		-8154E-9		-2010E-8
60000	1845E1	|	1163E0		3076E-4		1938E-5		-2655E-8		1025E-8
70000	2059E1	|	1279E0		2941E-4		1827E-5		3402E-8		-5372E-8
80000	2312E1	|	1419E0		2889E-4		1774E-5		1098E-8		1859E-8
90000	2617E1	|	1590E0		2908E-4		1767E-5		-5341E-8		-1322E-8
100000	3052E1	|	1837E0		3052E-4		1837E-5		2164E-8		-1994E-8
110000	3321E1	|	1983E0		3019E-4		1803E-5		-4231E-8		-1871E-8
120000	3573E1	|	2118E0		2977E-4		1765E-5		2358E-8		2362E-8
130000	3890E1	|	2290E0		2992E-4		1761E-5		-1390E-7		-1193E-7
140000	4145E1	|	2425E0		2961E-4		1732E-5		-2211E-8		3372E-8
150000	4783E1	|	2782E0		3189E-4		1854E-5		4665E-8		2637E-8
160000	4817E1	|	2786E0		3011E-4		1742E-5		-2837E-7		3545E-8
170000	4951E1	|	2849E0		2912E-4		1676E-5		-4250E-8		-2415E-7
180000	5437E1	|	3114E0		3020E-4		1730E-5		-2774E-8		4034E-8
190000	5627E1	|	3209E0		2961E-4		1689E-5		3233E-8		3404E-8
200000	5861E1	|	3328E0		2931E-4		1664E-5		4357E-8		9145E-8
--------------------GoodHashFunctor--------------------
N	T(N)	|	T(N)/1		T(N)/logN		T(N)/N		T(N)/NlogN		T(N)/N^2
10000	8878E0	|	6681E-1		8878E-4		6681E-5		8878E-8		-1221E-8
20000	7500E-2	|	5249E-3		3750E-6		2625E-7		1875E-10		-4921E-11
30000	9400E-2	|	6320E-3		3133E-6		2107E-7		1044E-10		5121E-11
40000	7500E-2	|	4906E-3		1875E-6		1226E-7		4688E-11		1083E-10
50000	5500E-2	|	3523E-3		1100E-6		7047E-8		-3064E-11		-7553E-11
60000	6300E-2	|	3969E-3		1050E-6		6615E-8		-9065E-11		3501E-11
70000	7800E-2	|	4846E-3		1114E-6		6923E-8		1289E-10		-2035E-10
80000	5100E-2	|	3131E-3		6375E-7		3914E-8		2423E-11		4101E-11
90000	5100E-2	|	3099E-3		5667E-7		3443E-8		-1041E-10		-2577E-11
100000	7500E-2	|	4515E-3		7500E-7		4515E-8		5319E-11		-4900E-11
110000	7800E-2	|	4658E-3		7091E-7		4234E-8		-9938E-11		-4394E-11
120000	6300E-2	|	3734E-3		5250E-7		3112E-8		4158E-11		4164E-11
130000	5900E-2	|	3473E-3		4538E-7		2672E-8		-2108E-10		-1810E-10
140000	6300E-2	|	3685E-3		4500E-7		2632E-8		-3360E-11		5125E-11
150000	1020E-1	|	5932E-3		6800E-7		3955E-8		9950E-11		5623E-11
160000	1020E-1	|	5900E-3		6375E-7		3688E-8		-6007E-10		7506E-11
170000	1460E-1	|	8403E-3		8588E-7		4943E-8		-1253E-10		-7122E-10
180000	9400E-2	|	5384E-3		5222E-7		2991E-8		-4797E-11		6975E-11
190000	3900E-2	|	2224E-3		2053E-7		1171E-8		2241E-11		2360E-11
200000	6700E-2	|	3805E-3		3350E-7		1902E-8		4980E-11		1045E-10